5.319909153878688812e+01
5.387867025192826986e+01
5.174580823816359043e+01
5.115713355178013444e+01
4.863486931705847383e+01
4.907750235032290220e+01
4.905552683491259813e+01
4.910254062991589308e+01
4.904063488868996501e+01
4.917279296601191163e+01
4.892827876098453999e+01
4.766077795810997486e+01
4.903409035177901387e+01
4.800275916419923306e+01
4.821515770908445120e+01
4.764401214197278023e+01
4.795863318117335439e+01
4.766646431013941765e+01
4.780111778480932117e+01
4.826897995267063379e+01
4.791812573466449976e+01
4.774756417702883482e+01
4.812574591860175133e+01
4.833353236876428127e+01
4.824708150466904044e+01
4.771720399707555771e+01
4.817628991603851318e+01
4.843865804467350245e+01
4.835904197394847870e+01
4.783947397209703922e+01
4.821449131425470114e+01
4.859250602498650551e+01
4.870417536282911897e+01
4.831425285432487726e+01
4.868964015599340200e+01
4.852379939099773765e+01
4.706722899712622166e+01
4.550221784785389900e+01
4.637016394082456827e+01
4.622261084895581007e+01
4.662293888907879591e+01
4.634741258807480335e+01
4.555073342192918062e+01
4.517089960677549243e+01
4.544238827005028725e+01
4.629311176622286439e+01
4.696096356026828289e+01
4.663529487932100892e+01
4.718363096890971065e+01
4.650803597504273057e+01
